linear
  gamma: 0.1
    c: 0.1
      87.5 87.5 87.5 
    c: 0.3
      87.5 87.5 87.5 
    c: 0.7
      87.5 87.5 87.5 
    c: 1
      87.5 87.5 87.5 
    c: 1.2
      87.5 87.5 87.5 
    c: 1.6
      87.5 87.5 87.5 
    c: 2.0
      87.5 87.5 87.5 
    c: 2.5
      87.5 87.5 87.5 
    c: 3.0
      87.5 87.5 87.5 
    c: 4.0
      87.5 87.5 87.5 
    c: 5.0
      87.5 87.5 87.5 
  gamma: 0.2
    c: 0.1
      87.5 87.5 87.5 
    c: 0.3
      87.5 87.5 87.5 
    c: 0.7
      87.5 87.5 87.5 
    c: 1
      87.5 87.5 87.5 
    c: 1.2
      87.5 87.5 87.5 
    c: 1.6
      87.5 87.5 87.5 
    c: 2.0
      87.5 87.5 87.5 
    c: 2.5
      87.5 87.5 87.5 
    c: 3.0
      87.5 87.5 87.5 
    c: 4.0
      87.5 87.5 87.5 
    c: 5.0
      87.5 87.5 87.5 
  gamma: 0.35
    c: 0.1
      87.5 87.5 87.5 
    c: 0.3
      87.5 87.5 87.5 
    c: 0.7
      87.5 87.5 87.5 
    c: 1
      87.5 87.5 87.5 
    c: 1.2
      87.5 87.5 87.5 
    c: 1.6
      87.5 87.5 87.5 
    c: 2.0
      87.5 87.5 87.5 
    c: 2.5
      87.5 87.5 87.5 
    c: 3.0
      87.5 87.5 87.5 
    c: 4.0
      87.5 87.5 87.5 
    c: 5.0
      87.5 87.5 87.5 
  gamma: 0.5
    c: 0.1
      87.5 87.5 87.5 
    c: 0.3
      87.5 87.5 87.5 
    c: 0.7
      87.5 87.5 87.5 
    c: 1
      87.5 87.5 87.5 
    c: 1.2
      87.5 87.5 87.5 
    c: 1.6
      87.5 87.5 87.5 
    c: 2.0
      87.5 87.5 87.5 
    c: 2.5
      87.5 87.5 87.5 
    c: 3.0
      87.5 87.5 87.5 
    c: 4.0
      87.5 87.5 87.5 
    c: 5.0
      87.5 87.5 87.5 
  gamma: 0.65
    c: 0.1
      87.5 87.5 87.5 
    c: 0.3
      87.5 87.5 87.5 
    c: 0.7
      87.5 87.5 87.5 
    c: 1
      87.5 87.5 87.5 
    c: 1.2
      87.5 87.5 87.5 
    c: 1.6
      87.5 87.5 87.5 
    c: 2.0
      87.5 87.5 87.5 
    c: 2.5
      87.5 87.5 87.5 
    c: 3.0
      87.5 87.5 87.5 
    c: 4.0
      87.5 87.5 87.5 
    c: 5.0
      87.5 87.5 87.5 
  gamma: 0.8
    c: 0.1
      87.5 87.5 87.5 
    c: 0.3
      87.5 87.5 87.5 
    c: 0.7
      87.5 87.5 87.5 
    c: 1
      87.5 87.5 87.5 
    c: 1.2
      87.5 87.5 87.5 
    c: 1.6
      87.5 87.5 87.5 
    c: 2.0
      87.5 87.5 87.5 
    c: 2.5
      87.5 87.5 87.5 
    c: 3.0
      87.5 87.5 87.5 
    c: 4.0
      87.5 87.5 87.5 
    c: 5.0
      87.5 87.5 87.5 
  gamma: 1.1
    c: 0.1
      87.5 87.5 87.5 
    c: 0.3
      87.5 87.5 87.5 
    c: 0.7
      87.5 87.5 87.5 
    c: 1
      87.5 87.5 87.5 
    c: 1.2
      87.5 87.5 87.5 
    c: 1.6
      87.5 87.5 87.5 
    c: 2.0
      87.5 87.5 87.5 
    c: 2.5
      87.5 87.5 87.5 
    c: 3.0
      87.5 87.5 87.5 
    c: 4.0
      87.5 87.5 87.5 
    c: 5.0
      87.5 87.5 87.5 
poly
  gamma: 0.1
    c: 0.1
      85.83333333333333 85.83333333333333 85.83333333333333 
    c: 0.3
      85.83333333333333 85.83333333333333 85.83333333333333 
    c: 0.7
      88.33333333333333 88.33333333333333 88.33333333333333 
    c: 1
      89.16666666666667 89.16666666666667 89.16666666666667 
    c: 1.2
      90.0 90.0 90.0 
    c: 1.6
      90.0 90.0 90.0 
    c: 2.0
      90.83333333333333 90.83333333333333 90.83333333333333 
    c: 2.5
      90.83333333333333 90.83333333333333 90.83333333333333 
    c: 3.0
      90.0 90.0 90.0 
    c: 4.0
      89.16666666666667 89.16666666666667 89.16666666666667 
    c: 5.0
      90.83333333333333 90.83333333333333 90.83333333333333 
  gamma: 0.2
    c: 0.1
      89.16666666666667 89.16666666666667 89.16666666666667 
    c: 0.3
      90.83333333333333 90.83333333333333 90.83333333333333 
    c: 0.7
      90.83333333333333 90.83333333333333 90.83333333333333 
    c: 1
      90.83333333333333 90.83333333333333 90.83333333333333 
    c: 1.2
      89.16666666666667 89.16666666666667 89.16666666666667 
    c: 1.6
      89.16666666666667 89.16666666666667 89.16666666666667 
    c: 2.0
      89.16666666666667 89.16666666666667 89.16666666666667 
    c: 2.5
      89.16666666666667 89.16666666666667 89.16666666666667 
    c: 3.0
      89.16666666666667 89.16666666666667 89.16666666666667 
    c: 4.0
      90.0 90.0 90.0 
    c: 5.0
      90.0 90.0 90.0 
  gamma: 0.35
    c: 0.1
      88.33333333333333 88.33333333333333 88.33333333333333 
    c: 0.3
      89.16666666666667 89.16666666666667 89.16666666666667 
    c: 0.7
      89.16666666666667 89.16666666666667 89.16666666666667 
    c: 1
      89.16666666666667 89.16666666666667 89.16666666666667 
    c: 1.2
      89.16666666666667 89.16666666666667 89.16666666666667 
    c: 1.6
      88.33333333333333 88.33333333333333 88.33333333333333 
    c: 2.0
      88.33333333333333 88.33333333333333 88.33333333333333 
    c: 2.5
      88.33333333333333 88.33333333333333 88.33333333333333 
    c: 3.0
      88.33333333333333 88.33333333333333 88.33333333333333 
    c: 4.0
      88.33333333333333 88.33333333333333 88.33333333333333 
    c: 5.0
      88.33333333333333 88.33333333333333 88.33333333333333 
  gamma: 0.5
    c: 0.1
      87.5 87.5 87.5 
    c: 0.3
      88.33333333333333 88.33333333333333 88.33333333333333 
    c: 0.7
      87.5 87.5 87.5 
    c: 1
      87.5 87.5 87.5 
    c: 1.2
      87.5 87.5 87.5 
    c: 1.6
      88.33333333333333 88.33333333333333 88.33333333333333 
    c: 2.0
      88.33333333333333 88.33333333333333 88.33333333333333 
    c: 2.5
      87.5 87.5 87.5 
    c: 3.0
      87.5 87.5 87.5 
    c: 4.0
      87.5 87.5 87.5 
    c: 5.0
      87.5 87.5 87.5 
  gamma: 0.65
    c: 0.1
      90.0 90.0 90.0 
    c: 0.3
      90.0 90.0 90.0 
    c: 0.7
      90.0 90.0 90.0 
    c: 1
      90.0 90.0 90.0 
    c: 1.2
      90.0 90.0 90.0 
    c: 1.6
      90.0 90.0 90.0 
    c: 2.0
      90.0 90.0 90.0 
    c: 2.5
      90.0 90.0 90.0 
    c: 3.0
      90.0 90.0 90.0 
    c: 4.0
      90.0 90.0 90.0 
    c: 5.0
      90.0 90.0 90.0 
  gamma: 0.8
    c: 0.1
      89.16666666666667 89.16666666666667 89.16666666666667 
    c: 0.3
      89.16666666666667 89.16666666666667 89.16666666666667 
    c: 0.7
      89.16666666666667 89.16666666666667 89.16666666666667 
    c: 1
      89.16666666666667 89.16666666666667 89.16666666666667 
    c: 1.2
      89.16666666666667 89.16666666666667 89.16666666666667 
    c: 1.6
      89.16666666666667 89.16666666666667 89.16666666666667 
    c: 2.0
      89.16666666666667 89.16666666666667 89.16666666666667 
    c: 2.5
      89.16666666666667 89.16666666666667 89.16666666666667 
    c: 3.0
      89.16666666666667 89.16666666666667 89.16666666666667 
    c: 4.0
      89.16666666666667 89.16666666666667 89.16666666666667 
    c: 5.0
      89.16666666666667 89.16666666666667 89.16666666666667 
  gamma: 1.1
    c: 0.1
      85.83333333333333 85.83333333333333 85.83333333333333 
    c: 0.3
      85.83333333333333 85.83333333333333 85.83333333333333 
    c: 0.7
      85.83333333333333 85.83333333333333 85.83333333333333 
    c: 1
      85.83333333333333 85.83333333333333 85.83333333333333 
    c: 1.2
      85.83333333333333 85.83333333333333 85.83333333333333 
    c: 1.6
      85.83333333333333 85.83333333333333 85.83333333333333 
    c: 2.0
      85.83333333333333 85.83333333333333 85.83333333333333 
    c: 2.5
      85.83333333333333 85.83333333333333 85.83333333333333 
    c: 3.0
      85.83333333333333 85.83333333333333 85.83333333333333 
    c: 4.0
      85.83333333333333 85.83333333333333 85.83333333333333 
    c: 5.0
      85.83333333333333 85.83333333333333 85.83333333333333 
rbf
  gamma: 0.1
    c: 0.1
      55.833333333333336 55.833333333333336 55.833333333333336 
    c: 0.3
      72.5 72.5 72.5 
    c: 0.7
      99.16666666666667 99.16666666666667 99.16666666666667 
    c: 1
      99.16666666666667 99.16666666666667 99.16666666666667 
    c: 1.2
      99.16666666666667 99.16666666666667 99.16666666666667 
    c: 1.6
      100.0 100.0 100.0 
    c: 2.0
      100.0 100.0 100.0 
    c: 2.5
      100.0 100.0 100.0 
    c: 3.0
      100.0 100.0 100.0 
    c: 4.0
      100.0 100.0 100.0 
    c: 5.0
      100.0 100.0 100.0 
  gamma: 0.2
    c: 0.1
      55.833333333333336 55.833333333333336 55.833333333333336 
    c: 0.3
      61.666666666666664 61.666666666666664 61.666666666666664 
    c: 0.7
      100.0 100.0 100.0 
    c: 1
      100.0 100.0 100.0 
    c: 1.2
      100.0 100.0 100.0 
    c: 1.6
      100.0 100.0 100.0 
    c: 2.0
      100.0 100.0 100.0 
    c: 2.5
      100.0 100.0 100.0 
    c: 3.0
      100.0 100.0 100.0 
    c: 4.0
      100.0 100.0 100.0 
    c: 5.0
      100.0 100.0 100.0 
  gamma: 0.35
    c: 0.1
      55.833333333333336 55.833333333333336 55.833333333333336 
    c: 0.3
      58.333333333333336 58.333333333333336 58.333333333333336 
    c: 0.7
      100.0 100.0 100.0 
    c: 1
      100.0 100.0 100.0 
    c: 1.2
      100.0 100.0 100.0 
    c: 1.6
      100.0 100.0 100.0 
    c: 2.0
      100.0 100.0 100.0 
    c: 2.5
      100.0 100.0 100.0 
    c: 3.0
      100.0 100.0 100.0 
    c: 4.0
      100.0 100.0 100.0 
    c: 5.0
      100.0 100.0 100.0 
  gamma: 0.5
    c: 0.1
      55.833333333333336 55.833333333333336 55.833333333333336 
    c: 0.3
      56.666666666666664 56.666666666666664 56.666666666666664 
    c: 0.7
      100.0 100.0 100.0 
    c: 1
      100.0 100.0 100.0 
    c: 1.2
      100.0 100.0 100.0 
    c: 1.6
      100.0 100.0 100.0 
    c: 2.0
      100.0 100.0 100.0 
    c: 2.5
      100.0 100.0 100.0 
    c: 3.0
      100.0 100.0 100.0 
    c: 4.0
      100.0 100.0 100.0 
    c: 5.0
      100.0 100.0 100.0 
  gamma: 0.65
    c: 0.1
      55.833333333333336 55.833333333333336 55.833333333333336 
    c: 0.3
      55.833333333333336 55.833333333333336 55.833333333333336 
    c: 0.7
      100.0 100.0 100.0 
    c: 1
      100.0 100.0 100.0 
    c: 1.2
      100.0 100.0 100.0 
    c: 1.6
      100.0 100.0 100.0 
    c: 2.0
      100.0 100.0 100.0 
    c: 2.5
      100.0 100.0 100.0 
    c: 3.0
      100.0 100.0 100.0 
    c: 4.0
      100.0 100.0 100.0 
    c: 5.0
      100.0 100.0 100.0 
  gamma: 0.8
    c: 0.1
      55.833333333333336 55.833333333333336 55.833333333333336 
    c: 0.3
      55.833333333333336 55.833333333333336 55.833333333333336 
    c: 0.7
      100.0 100.0 100.0 
    c: 1
      100.0 100.0 100.0 
    c: 1.2
      100.0 100.0 100.0 
    c: 1.6
      100.0 100.0 100.0 
    c: 2.0
      100.0 100.0 100.0 
    c: 2.5
      100.0 100.0 100.0 
    c: 3.0
      100.0 100.0 100.0 
    c: 4.0
      100.0 100.0 100.0 
    c: 5.0
      100.0 100.0 100.0 
  gamma: 1.1
    c: 0.1
      55.833333333333336 55.833333333333336 55.833333333333336 
    c: 0.3
      55.833333333333336 55.833333333333336 55.833333333333336 
    c: 0.7
      100.0 100.0 100.0 
    c: 1
      100.0 100.0 100.0 
    c: 1.2
      100.0 100.0 100.0 
    c: 1.6
      100.0 100.0 100.0 
    c: 2.0
      100.0 100.0 100.0 
    c: 2.5
      100.0 100.0 100.0 
    c: 3.0
      100.0 100.0 100.0 
    c: 4.0
      100.0 100.0 100.0 
    c: 5.0
      100.0 100.0 100.0 
